# Copper heating vs time
# time in s; temperature in ºC
time	Temperature
0	24.48
1	25.44
2	27.78
3	29.84
4	31.85
5	33.85
6	35.82
7	37.75
8	39.66
9	41.54
10	43.4
11	45.24
12	47.05
13	48.86
14	50.64
15	52.41
16	54.15
17	55.88
18	57.59
19	59.28
20	60.95
21	62.61
22	64.26
23	65.88
24	67.48
25	69.08
26	70.65
27	72.21
28	73.78
29	75.34
30	76.88
31	78.41
32	79.93
33	81.4
34	82.9
35	84.4
36	85.8
37	87.2
38	88.6
39	89.9
40	91.3
41	92.6
42	93.9
43	95.2
44	96.6
45	97.8
46	99.1
47	100.4
48	101.7
49	102.9
50	104.2
51	105.4
52	106.6
53	107.8
54	109
55	110.2
56	111.4
57	112.6
58	113.8
59	114.9
60	116.1
61	117.3
62	118.4
63	119.5
64	120.6
65	121.7
66	122.8
67	123.9
68	124.9
69	126
70	127
71	128.1
72	129.1
73	130.1
74	131.2
75	132.2
76	133.2
77	134.2
78	135.2
79	136.3
80	137.3
81	138.3
82	139.2
83	140.1
84	141
85	141.8
86	142.7
87	143.6
88	144.5
89	145.3
90	146.1
91	146.9
92	147.8
93	148.5
94	149.3
95	150.1
96	150.9
97	151.6
98	152.3
99	152.9
100	153.7
101	154.3
102	155.1
103	155.8
104	156.6
105	157.4
106	158.1
107	158.8
108	159.4
109	160
110	160.5
111	161.1
112	161.5
113	162.2
114	162.6
115	163.1
116	163.7
117	164.3
118	164.9
119	165.5
120	166.2
121	166.8
122	167.4
123	168
124	168.6
125	169.1
126	169.7
127	170.2
128	170.7
129	171.2
130	171.7
131	172.2
132	172.8
133	173.3
134	173.8
135	174.3
136	174.8
137	175.4
138	175.9
139	176.3
140	176.8
141	177.4
142	177.9
143	178.4
144	178.8
145	179.3
146	179.8
147	180.2
148	180.6
149	181
150	181.4
151	181.9
152	182.3
153	182.8
154	183.2
155	183.6
156	184.1
157	184.4
158	184.8
159	185.2
160	185.6
161	186
162	186.4
163	186.8
164	187.2
165	187.6
166	187.9
167	188.3
168	188.7
169	189.1
170	189.5
171	189.9
172	190.2
173	190.6
174	191
175	191.3
176	191.7
177	192.1
178	192.4
179	192.8
180	193.1
181	193.4
182	193.8
183	194.1
184	194.4
185	194.7
186	195
187	195.3
188	195.6
189	196
190	196.3
191	196.6
192	196.9
193	197.1
194	197.4
195	197.7
196	198
197	198.3
198	198.6
199	198.8
200	199.1
201	199.4
202	199.7
203	199.9
204	200.1
205	200.4
206	200.7
207	201.1
208	201.4
209	201.6
210	201.9
211	202.2
212	202.5
213	202.7
214	203
215	203.3
216	203.5
217	203.8
218	204
219	204.2
220	204.4
221	204.7
222	204.9
223	205.1
224	205.3
225	205.6
226	205.8
227	206
228	206.3
229	206.5
230	206.7
231	207
232	207.2
233	207.5
234	207.7
235	207.9
236	208.2
237	208.4
238	208.6
239	208.8
240	209
241	209.2
242	209.5
243	209.7
244	209.9
245	210.1
246	210.3
247	210.4
248	210.6
249	210.8
250	211
251	211.2
252	211.4
253	211.6
254	211.8
255	212
256	212.1
257	212.3
258	212.5
259	212.7
260	212.9
261	213.1
262	213.3
263	213.5
264	213.8
265	213.9
266	214.1
267	214.3
268	214.5
269	214.7
270	214.8
271	215
272	215.2
273	215.4
274	215.6
275	215.8
276	216
277	216.2
278	216.4
279	216.6
280	216.8
281	217
282	217.2
283	217.4
284	217.6
285	217.8
286	218
287	218.2
288	218.4
289	218.6
290	218.8
291	218.9
292	219.1
293	219.3
294	219.4
295	219.6
296	219.8
297	220
298	220.1
299	220.3
300	220.5
301	220.7
302	220.8
303	221
304	221.2
305	221.3
306	221.5
307	221.6
308	221.8
309	221.9
310	222
311	222.1
312	222.2
313	222.4
314	222.5
315	222.6
316	222.7
317	222.9
318	223.1
319	223.3
320	223.4
321	223.6
322	223.8
323	224
324	224.2
325	224.4
326	224.5
327	224.7
328	224.8
329	225
330	225.1
331	225.3
332	225.4
333	225.5
334	225.6
335	225.8
336	225.9
337	226
338	226.2
339	226.4
340	226.5
341	226.7
342	226.8
343	227
344	227.2
345	227.3
346	227.5
347	227.7
348	227.8
349	228
350	228.2
351	228.3
352	228.4
353	228.5
354	228.6
355	228.8
356	228.9
357	229
358	229.1
359	229.2
360	229.3
361	229.4
362	229.6
363	229.6
364	229.7
365	229.8
366	229.9
367	230
368	230
369	230.1
370	230.3
371	230.4
372	230.5
373	230.6
374	230.7
375	230.9
376	230.9
377	231.1
378	231.2
379	231.3
380	231.4
381	231.6
382	231.7
383	231.8
384	231.9
385	232
386	232.1
387	232.2
388	232.3
389	232.4
390	232.4
391	232.5
392	232.6
393	232.6
394	232.7
395	232.8
396	232.8
397	232.9
398	233
399	233
400	233
401	233.1
402	233.2
403	233.3
404	233.4
405	233.5
406	233.5
407	233.6
408	233.6
409	233.8
410	233.9
411	234
412	234.2
413	234.3
414	234.4
415	234.3
416	234.3
417	234.3
418	234.3
419	234.3
420	234.4
421	234.4
422	234.4
423	234.4
424	234.5
425	234.5
426	234.6
427	234.7
428	234.7
429	234.8
430	234.8
431	234.8
432	234.9
433	234.9
434	235
435	235.1
436	235.1
437	235.2
438	235.2
439	235.3
440	235.3
441	235.4
442	235.4
443	235.5
444	235.6
445	235.7
446	235.8
447	235.9
448	235.9
449	236
450	236
451	236.1
452	236.2
453	236.3
454	236.5
455	236.6
456	236.6
457	236.7
458	236.9
459	237
460	237.1
461	237.3
462	237.5
463	237.6
464	237.8
465	237.9
466	238
467	238.2
468	238.3
469	238.4
470	238.5
471	238.7
472	238.8
473	239
474	239.1
475	239.2
476	239.2
477	239.3
478	239.4
479	239.5
480	239.6
481	239.7
482	239.8
483	239.9
484	239.9
485	240
486	240.1
487	240.2
488	240.3
489	240.4
490	240.5
491	240.5
492	240.6
493	240.8
494	240.9
495	241
496	241.2
497	241.3
498	241.4
499	241.6
500	241.7
501	241.8
502	242
503	242.1
504	242.3
505	242.4
506	242.6
507	242.7
508	242.8
509	242.9
510	243
511	243.2
512	243.3
513	243.4
514	243.5
515	243.7
516	243.8
517	243.9
518	244
519	244.2
520	244.3
521	244.4
522	244.5
523	244.6
524	244.7
525	244.8
526	244.9
527	245.1
528	245.2
529	243.9
530	243.7
531	243.7
532	243.6
533	243.6
534	243.9
535	244.1
536	244.3
537	244.5
538	244.4
539	244.6
540	245.1
541	245.4
542	245.9
543	246.2
544	246.4
545	246.5
546	246
547	246.3
548	246.2
549	246.6
550	246.8
551	246.9
552	247
553	247.2
554	247.2
555	247.3
556	247.4
557	247.5
558	247.6
559	246.3
560	245.5
561	245.3
562	245.2
563	245.2
564	245.2
565	245.2
566	245.2
567	245.2
568	245.3
569	245.4
570	245.5
571	245.6
572	245.6
573	245.6
574	245.6
575	245.7
576	245.7
577	245.7
578	245.8
579	245.8
580	245.9
581	246
582	246
583	246.1
584	246.2
585	246.2
586	246.3
587	246.4
588	246.5
589	246.6
590	246.7
591	246.7
592	246.8
593	246.8
594	246.9
595	246.9
596	246.9
597	247
598	247.1
599	247.2
600	247.3
601	247.4
602	247.5
603	247.7
604	247.8
605	247.9
606	248
607	248.2
608	248.3
609	248.4
610	248.5
611	248.6
612	248.7
613	248.9
614	249
615	249.1
616	249.3
617	249.5
618	249.7
619	249.8
620	249.9
621	250
622	250
623	250.1
624	250.1
625	250.1
626	250.1
627	250.1
628	250.1
629	250.1
630	250.1
631	250.2
632	250.2
633	250.2
634	250.2
635	250.2
636	250.2
637	250.2
638	250.2
639	250.1
640	250.2
641	250.1
642	250.1
643	250.2
644	250.1
645	250.1
646	250.2
647	250.3
648	250.3
649	250.4
650	250.4
651	250.5
652	250.6
653	250.7
654	250.8
655	250.9
656	251
657	251.1
658	251.1
659	251.2
660	251.3
661	251.4
662	251.6
663	251.7
664	251.7
665	251.8
666	251.9
667	252
668	252.1
669	252.1
670	252.2
671	252.2
672	252.3
673	252.3
674	252.4
675	252.5
676	252.6
677	252.7
678	252.8
679	252.8
680	252.8
681	252.9
682	253
683	253
684	253.1
685	253.2
686	253.3
687	253.4
688	253.5
689	253.6
690	253.7
691	253.8
692	253.9
693	254
694	254.1
695	254.2
696	254.3
697	254.4
698	254.5
699	254.6
700	254.7
701	254.8
702	254.9
703	254.9
704	255
705	255
706	255.1
707	255.2
708	255.2
709	255.3
710	255.3
711	255.4
712	255.5
713	255.6
714	255.6
715	255.6
716	255.6
717	255.6
718	255.5
719	255.5
720	255.5
721	255.6
722	255.6
723	255.6
724	255.7
725	255.8
726	255.8
727	255.8
728	255.9
729	255.9
730	256
731	256.1
732	256.1
733	256.2
734	256.3
735	256.4
736	256.5
737	256.6
738	256.7
739	256.7
740	256.8
741	257
742	257.1
743	257.2
744	257.3
745	257.4
746	257.5
747	257.6
748	257.6
749	257.6
750	257.7
751	257.8
752	257.9
753	257.9
754	258
755	258
756	258.1
757	258.1
758	258.2
759	258.2
760	258.3
761	258.3
762	258.3
763	258.4
764	258.4
765	258.5
766	258.6
767	258.6
768	258.7
769	258.7
770	258.8
771	258.9
772	259
773	259.1
774	259.2
775	259.3
776	259.4
777	259.5
778	259.6
779	259.7
780	259.7
781	259.8
782	259.8
783	259.9
784	260
785	260
786	260
787	260
788	259.9
789	259.8
790	259.8
791	259.8
792	259.8
793	259.9
794	260
795	260
796	260
797	260
798	260.1
799	260.2
800	260.3
801	260.4
802	260.5
803	260.6
804	260.6
805	260.7
806	260.8
807	260.9
808	261
809	261.1
810	261.2
811	261.2
812	261.3
813	261.4
814	261.5
815	261.5
816	261.6
817	261.7
818	261.8
819	261.9
820	261.9
821	262
822	262.1
823	262.2
824	262.3
825	262.4
826	262.4
827	262.5
828	262.6
829	262.7
830	262.8
831	262.9
832	263
833	263
834	263
835	263.1
836	263.1
837	263.2
838	263.2
839	263.3
840	263.4
841	263.5
842	263.6
843	263.7
844	263.8
845	263.9
846	263.9
847	263.9
848	264
849	264.1
850	264.1
851	264.1
852	264.1
853	264.2
854	264.3
855	264.4
856	264.5
857	264.5
858	264.6
859	264.6
860	264.7
861	264.7
862	264.8
863	264.9
864	265
865	265.1
866	265.1
867	265.2
868	265.2
869	265.2
870	265.2
871	265.3
872	265.3
873	265.3
874	265.3
875	265.4
876	265.4
877	265.4
878	265.5
879	265.5
880	265.5
881	265.5
882	265.4
883	265.4
884	265.4
885	265.4
886	265.4
887	265.4
888	265.5
889	265.5
890	265.5
891	265.5
892	265.5
893	265.5
894	265.5
895	265.5
896	265.5
897	265.6
898	265.6
899	265.7
900	265.8
901	265.9
902	265.9
903	266
904	266
905	266
906	266
907	266.1
908	266.1
909	266.2
910	266.2
911	266.3
912	266.4
913	266.4
914	266.5
915	266.6
916	266.6
917	266.7
918	266.9
919	267
920	267.1
921	267.2
922	267.3
923	267.4
924	267.5
925	267.5
926	267.5
927	267.5
928	267.5
929	267.6
930	267.8
931	267.9
932	268
933	268.1
934	268.3
935	268.4
936	268.5
937	268.5
938	268.6
939	268.6
940	268.7
941	268.7
942	268.8
943	268.9
944	268.9
945	269
946	269.1
947	269.2
948	269.3
949	269.4
950	269.5
951	269.6
952	269.7
953	269.7
954	269.8
955	270
956	270.1
957	270.1
958	270.2
959	270.3
960	270.4
961	270.6
962	270.7
963	270.8
964	270.9
965	270.9
966	270.9
967	270.9
968	271
969	270.9
970	271
971	271
972	271
973	270.9
974	271
975	271
976	271.1
977	271.1
978	271.2
979	271.2
980	271.3
981	271.3
982	271.2
983	271.3
984	271.4
985	271.4
986	271.5
987	271.6
988	271.6
989	271.7
990	271.7
991	271.7
992	271.7
993	271.8
994	271.8
995	271.9
996	271.9
997	271.9
998	271.8
999	271.9
1000	271.9
1001	272
1002	272.1
1003	272.2
1004	272.2
1005	272.3
1006	272.3
1007	272.4
1008	272.4
1009	272.5
1010	272.6
1011	272.7
1012	272.7
1013	272.7
1014	272.7
1015	272.7
1016	272.8
1017	272.8
1018	272.8
1019	272.7
1020	272.7
1021	272.7
1022	272.7
1023	272.7
1024	272.7
1025	272.6
1026	272.6
1027	272.6
1028	272.6
1029	272.5
1030	272.4
1031	272.4
1032	272.4
1033	272.3
1034	272.3
1035	272.3
1036	272.4
1037	272.3
1038	272.3
1039	272.3
1040	272.4
1041	272.4
1042	272.4
1043	272.4
1044	272.4
1045	272.4
1046	272.4
1047	272.5
1048	272.5
1049	272.6
1050	272.7
1051	272.7
1052	272.7
1053	272.7
1054	272.7
1055	272.7
1056	272.8
1057	272.9
1058	273
1059	273.1
1060	273.1
1061	273.2
1062	273.2
1063	273.3
1064	273.4
1065	273.4
1066	273.4
1067	273.4
1068	273.4
1069	273.5
1070	273.6
1071	273.7
1072	273.7
1073	273.7
1074	273.8
1075	273.8
1076	273.9
1077	274
1078	274.1
1079	274.2
1080	274.2
1081	274.3
1082	274.3
1083	274.4
1084	274.4
1085	274.4
1086	274.4
1087	274.4
1088	274.3
1089	274.3
1090	274.3
1091	274.3
1092	274.2
1093	274.2
1094	274.1
1095	274.1
1096	274.1
1097	274
1098	274
1099	273.9
1100	273.9
1101	273.8
1102	273.8
1103	273.8
1104	273.9
1105	273.9
1106	273.9
1107	273.9
1108	273.9
1109	273.9
1110	273.9
1111	273.9
1112	273.9
1113	273.9
1114	273.9
1115	273.9
1116	273.9
1117	274
1118	274
1119	274
1120	274
1121	274
1122	274.1
1123	274.1
1124	274.2
1125	274.2
1126	274.3
1127	274.3
1128	274.3
1129	274.4
1130	274.4
1131	274.5
1132	274.6
1133	274.7
1134	274.8
1135	274.9
1136	275
1137	275.1
1138	275.3
1139	275.3
1140	275.4
1141	275.5
1142	275.6
1143	275.7
1144	275.8
1145	275.8
1146	275.9
1147	275.9
1148	275.9
1149	275.9
1150	275.9
1151	275.9
1152	275.9
1153	276
1154	276
1155	276
1156	276
1157	276.1
1158	276.1
1159	276.1
1160	276.2
1161	276.2
1162	276.2
1163	276.2
1164	276.1
1165	276.1
1166	276
1167	276
1168	276
1169	275.9
1170	276
1171	276
1172	275.9
1173	275.9
1174	275.9
1175	275.9
1176	275.9
1177	276
1178	276
1179	276.1
1180	276.1
1181	276.2
1182	276.3
1183	276.4
1184	276.4
1185	276.5
1186	276.6
1187	276.6
1188	276.7
1189	276.8
1190	276.9
1191	277
1192	277.1
1193	277.1
1194	277.2
1195	277.2
1196	277.3
1197	277.4
1198	277.5
1199	277.5
1200	277.5
1201	277.6
1202	277.6
1203	277.7
1204	277.7
1205	277.7
1206	277.7
1207	277.7
1208	277.7
1209	277.7
1210	277.7
1211	277.7
1212	277.7
1213	277.6
1214	277.7
1215	277.7
1216	277.7
1217	277.7
1218	277.7
1219	277.7
1220	277.7
1221	277.8
1222	277.8
1223	277.8
1224	277.9
1225	277.9
1226	277.9
1227	277.9
1228	277.9
1229	278
1230	278
1231	278.1
1232	278.1
1233	278.2
1234	278.2
1235	278.2
1236	278.2
1237	278.3
1238	278.3
1239	278.4
1240	278.4
1241	278.5
1242	278.5
1243	278.6
1244	278.6
1245	278.6
1246	278.7
1247	278.7
1248	278.8
1249	278.8
1250	278.9
1251	278.9
1252	278.9
1253	278.9
1254	278.9
1255	278.9
1256	278.9
1257	278.9
1258	278.9
1259	278.8
1260	278.8
1261	278.8
1262	278.8
1263	278.8
1264	278.9
1265	278.9
1266	279
1267	279
1268	279
1269	279
1270	279
1271	279
1272	279
1273	279.1
1274	279.1
1275	279.1
1276	279.1
1277	279.2
1278	279.2
1279	279.2
1280	279.2
1281	279.2
1282	279.2
1283	279.2
1284	279.2
1285	279.3
1286	279.4
1287	279.4
1288	279.5
1289	279.5
1290	279.6
1291	279.6
1292	279.6
1293	279.7
1294	279.6
1295	279.6
1296	279.6
1297	279.6
1298	279.6
1299	279.5
1300	279.4
1301	279.3
1302	279.2
1303	279.2
1304	279.1
1305	279
1306	279
1307	279
1308	279
1309	278.9
1310	278.9
1311	279
1312	279
1313	279.1
1314	279.1
1315	279.2
1316	279.2
1317	279.2
1318	279.2
1319	279.2
1320	279.3
1321	279.3
1322	279.3
1323	279.4
1324	279.4
1325	279.4
1326	279.5
1327	279.5
1328	279.6
1329	279.7
1330	279.8
1331	279.8
1332	279.8
1333	279.9
1334	279.8
1335	279.8
1336	279.9
1337	279.9
1338	280
1339	280
1340	280.1
1341	280.1
1342	280.1
1343	280.2
1344	280.2
1345	280.2
1346	280.3
1347	280.3
1348	280.4
1349	280.4
1350	280.5
1351	280.5
1352	280.6
1353	280.7
1354	280.7
1355	280.8
1356	280.8
1357	280.8
1358	280.8
1359	280.9
1360	280.9
1361	280.9
1362	281
1363	281
1364	281.1
1365	281.2
1366	281.2
1367	281.3
1368	281.3
1369	281.3
1370	281.4
1371	281.4
1372	281.4
1373	281.4
1374	281.4
1375	281.4
1376	281.4
1377	281.4
1378	281.4
1379	281.4
1380	281.4
1381	281.4
1382	281.4
1383	281.4
1384	281.4
1385	281.4
1386	281.4
1387	281.4
1388	281.4
1389	281.4
1390	281.4
1391	281.5
1392	281.5
1393	281.5
1394	281.5
1395	281.5
1396	281.5
1397	281.5
1398	281.5
1399	281.5
1400	281.5
1401	281.5
1402	281.4
1403	281.4
1404	281.4
1405	281.4
1406	281.4
1407	281.4
1408	281.4
1409	281.5
1410	281.6
1411	281.6
1412	281.7
1413	281.8
1414	281.8
1415	281.9
1416	282
1417	282.1
1418	282.1
1419	282.2
1420	282.3
1421	282.4
1422	282.4
1423	282.4
1424	282.4
1425	282.5
1426	282.6
1427	282.6
1428	282.7
1429	282.8
1430	282.8
1431	282.8
1432	282.8
1433	282.8
1434	282.9
1435	283
1436	283.1
1437	283.2
1438	283.2
1439	283.3
1440	283.4
1441	283.5
1442	283.5
1443	283.6
1444	283.6
1445	283.7
1446	283.7
1447	283.7
1448	283.7
1449	283.7
1450	283.8
1451	283.9
1452	284
1453	284.1
1454	284.1
1455	284.2
1456	284.2
1457	284.2
1458	284.3
1459	284.3
1460	284.3
1461	284.3
1462	284.4
1463	284.4
1464	284.4
1465	284.4
1466	284.4
1467	284.4
1468	284.5
1469	284.5
1470	284.6
1471	284.6
1472	284.6
1473	284.6
1474	284.5
1475	284.5
1476	284.5
1477	284.5
1478	284.5
1479	284.4
1480	284.4
1481	284.5
1482	284.5
1483	284.6
1484	284.6
1485	284.6
1486	284.6
1487	284.6
1488	284.6
1489	284.6
1490	284.6
1491	284.6
1492	284.6
1493	284.6
1494	284.6
1495	284.6
1496	284.5
1497	284.5
1498	284.5
1499	284.5
1500	284.5
1501	284.5
1502	284.5
1503	284.6
1504	284.6
1505	284.6
1506	284.6
1507	284.6
1508	284.6
1509	284.5
1510	284.4
1511	284.4
1512	284.4
1513	284.4
1514	284.3
1515	284.3
1516	284.3
1517	284.3
1518	284.3
1519	284.3
1520	284.3
1521	284.3
1522	284.3
1523	284.3
1524	284.2
1525	284.2
1526	284.1
1527	284.1
1528	284
1529	284
1530	284
1531	284
1532	283.9
1533	283.9
1534	283.9
1535	283.9
1536	283.8
1537	283.8
1538	283.8
1539	283.7
1540	283.7
1541	283.7
1542	283.7
1543	283.7
1544	283.7
1545	283.7
1546	283.7
1547	283.6
1548	283.6
1549	283.6
1550	283.6
1551	283.7
1552	283.7
1553	283.7
1554	283.7
1555	283.6
1556	283.6
1557	283.5
1558	283.5
1559	283.4
1560	283.3
1561	283.3
1562	283.3
1563	283.3
1564	283.3
1565	283.3
1566	283.3
1567	283.2
1568	283.1
1569	283.1
1570	283.1
1571	283
1572	283
1573	282.9
1574	282.9
1575	282.9
1576	282.9
1577	282.9
1578	282.9
1579	282.8
1580	282.8
1581	282.7
1582	282.7
1583	282.7
1584	282.7
1585	282.7
1586	282.8
1587	282.8
1588	282.8
1589	282.8
1590	282.8
1591	282.7
1592	282.7
1593	282.7
1594	282.8
1595	282.8
1596	282.8
1597	282.8
1598	282.9
1599	282.9
1600	282.9
1601	283
1602	283
1603	283
1604	283.1
1605	283.2
1606	283.2
1607	283.2
1608	283.3
1609	283.3
1610	283.3
1611	283.3
1612	283.3
1613	283.3
1614	283.3
1615	283.3
1616	283.3
1617	283.4
1618	283.4
1619	283.4
1620	283.5
1621	283.5
1622	283.5
1623	283.5
1624	283.5
1625	283.5
1626	283.5
1627	283.5
1628	283.6
1629	283.6
1630	283.6
1631	283.6
1632	283.6
1633	283.6
1634	283.6
1635	283.5
1636	283.5
1637	283.5
1638	283.5
1639	283.6
1640	283.6
1641	283.6
1642	283.6
1643	283.6
1644	283.6
1645	283.6
1646	283.7
1647	283.7
1648	283.7
1649	283.7
1650	283.7
1651	283.7
1652	283.8
1653	283.8
1654	283.9
1655	283.9
1656	284
1657	284
1658	284.1
1659	284.1
1660	284.1
1661	284.1
1662	284.1
1663	284.1
1664	284.1
1665	284.1
1666	284.1
1667	284
1668	284.1
1669	284.1
1670	284.1
1671	284.1
1672	284.2
1673	284.2
1674	284.3
1675	284.3
1676	284.3
1677	284.3
1678	284.4
1679	284.4
1680	284.4
1681	284.5
1682	284.5
1683	284.5
1684	284.5
1685	284.6
1686	284.6
1687	284.7
1688	284.7
1689	284.8
1690	284.9
1691	284.9
1692	284.9
1693	284.9
1694	284.9
1695	284.9
1696	284.8
1697	284.8
1698	284.8
1699	284.8
1700	284.8
1701	284.8
1702	284.9
1703	284.9
1704	285
1705	285.1
1706	285
1707	285
1708	285.1
1709	285.1
1710	285.1
1711	285.1